178
094
313
113
365
060
125
025
069
284
073
054
010
048
283
200
302
183
265
056
332
250
311
337
082
055
003
366
203
045
149
235
208
194
394
141
335
232
346
106
378
167
274
036
272
390
174
035
123
389
195
146
243
356
372
083
266
177
329
212
120
275
327
240
021
357
211
215
303
198
288
111
034
363
024
016
089
384
114
214
005
304
229
336
219
027
190
247
253
191
387
053
044
169
159
361
052
163
206
308
400
067
199
379
143
068
280
350
257
222
369
398
095
316
324
093
077
115
368
227
297
322
285
028
127
103
063
301
348
185
306
092
062
059
150
192
202
101
248
078
320
339
008
124
009
066
157
349
080
196
309
261
088
231
076
047
153
058
155
110
040
305
371
007
096
030
381
270
012
359
166
317
173
295
014
351
128
333
029
041
032
118
296
260
064
186
310
164
137
176
241
312
237
112
205
269
132
210
230
065
108
038
207
061
022
121
218
271
367
104
072
184
039
193
175
318
105
006
395
238
187
331
287
100
001
340
382
204
031
216
383
134
342
102
179
018
385
071
133
197
126
165
391
145
221
388
160
087
020
117
182
148
399
213
090
049
330
228
375
081
259
343
326
119
180
161
290
364
023
099
277
097
373
154
234
374
084
299
162
377
188
262
107
242
019
258
156
314
057
281
338
171
236
226
085
298
225
239
013
319
170
158
142
189
300
098
282
109
355
353
050
151
273
043
358
291
354
091
380
276
037
254
289
015
004
370
328
344
220
293
130
075
386
136
033
086
246
224
321
347
116
026
017
360
278
131
362
122
070
264
245
046
209
011
268
002
139
