085
273
068
233
142
037
018
309
091
206
365
373
182
097
232
277
381
399
387
298
242
398
301
071
247
152
192
150
162
088
020
062
217
027
256
341
058
214
349
310
043
110
076
395
335
186
234
252
147
261
306
320
229
024
334
178
243
143
059
019
391
102
221
054
099
073
257
339
291
028
295
226
108
187
077
195
126
120
109
359
065
069
155
171
157
212
172
297
141
280
372
392
179
031
138
308
176
262
056
159
302
379
117
356
052
299
231
324
044
211
353
345
067
103
348
355
170
326
377
283
145
040
286
121
049
368
160
169
333
244
057
173
290
188
190
105
100
066
223
350
325
193
260
304
133
287
025
012
167
227
001
385
096
263
061
275
034
198
174
035
154
208
389
284
140
374
119
079
357
083
383
322
382
281
361
165
270
123
288
050
323
036
366
047
113
045
137
175
090
351
249
010
258
072
048
087
101
007
225
107
384
354
215
292
228
363
390
318
269
134
191
255
104
317
148
196
163
238
213
082
241
267
203
144
202
151
149
111
112
319
106
132
210
181
064
053
205
006
125
305
265
094
378
164
199
022
346
039
367
375
312
230
146
313
200
042
129
369
303
218
371
251
060
222
266
236
055
364
080
098
329
396
296
340
342
311
201
032
189
118
248
376
161
084
074
380
343
183
114
336
095
158
307
016
250
285
358
115
184
219
093
400
259
063
316
282
300
393
078
009
168
338
021
023
337
166
314
394
194
204
352
332
127
239
013
237
051
185
003
124
038
216
240
327
276
041
388
177
153
180
092
272
274
005
235
030
253
207
135
014
331
156
197
029
089
128
294
081
397
315
279
271
330
008
